start=3003.503504
pause=yes
volume=108.000000
