start=7530.071738
volume=106.000000
sub-visibility=no
