start=2500.560000
pause=yes
volume=92.000000
